0.06502031884964052,0.0004897190872147032,3.084000344350522,0.17393674875886983,0.20942800326969876,0.42514615466684036,0.0026431567986589985,0.06,-27.249726470245022,2.096885673711989,-0.0735187715456064,0.2508979952479886,0.06413024695405249,0.16870235151358462,0.048377091688733845,-0.019533987525397388,0.006606386372211756,-0.006588411415801387,-0.06911024035526614,-0.04354668962292255,-0.041412246928820035,0.013787473386356441,0.005778637835345255,0.009442668589217874,0.0058072654582211865,0.005346819801921269,0.12927074431555322,0.09837096448835726,0.0021557946923694577,0.010357372616016325,0.36511989429449804,0.003684371376876128,0.013832191534273758,0.10155721323398265,neu
0.046889653016567674,0.0007752394877403496,3.189143417993942,0.18330559856834092,0.21084873759612363,0.3944103771790738,0.0014315029286728412,0.044375,-26.795691066369866,1.9203597838947113,0.19544004565072626,0.26478204987260273,0.111173533773439,0.21262082190605902,0.04551071561534776,0.040603012260750596,-0.025584207588288756,0.009960071371130256,-0.12957673396380248,-0.07573033531625746,-0.07612320545674328,0.01676493903963152,0.0008535431485160549,0.010258758420028394,0.004527520890140062,0.006056370220843577,0.06307923433439516,0.31108293861900377,0.0010548372811525928,0.006818638315732541,0.30296244759145696,0.027380195785728225,0.0032666308862613906,0.11045373532995069,neu
0.08190059393560488,0.0006817508705779157,3.205265598387552,0.2070075639430407,0.21723947811950783,0.6890234713458656,0.0011435679108258402,0.096875,-26.314060540566366,1.6597698398795908,0.1830243838609969,0.10696632952142131,0.033933542931381205,0.49384495538140993,0.0844944778909206,0.1860111696021593,-0.17798821669704035,-0.21379729311863238,-0.07621756675990013,-0.09064596970693278,0.06849822941894468,0.030643154777190436,0.004066789289882058,0.019484468149372138,0.008118435690195755,0.023801394966199412,0.04440561918869718,0.17488412824958977,0.0015610540324351115,0.007778624838828171,0.25625365668624234,0.03424174557173562,0.006483787063996705,0.07653082062368106,neu
0.11128477649265396,0.0005172811241950188,3.2664811029846517,0.2103934096005803,0.2074628510873419,1.0828942150341696,0.0016209468829760894,0.24,-26.111560390994825,1.52633015050733,0.10071440770463817,0.2948618715143964,-0.1575982881899576,0.6097777617233215,0.1234329467979427,0.269446897326607,-0.041355641906124944,-0.3153448016109703,0.019073896066020498,-0.14271895245704752,-0.003167031393329084,0.04153540282388651,0.002860214972292826,0.040575383084689845,0.00506605109632067,0.011108257523471608,0.04451427171110588,0.03231302092908382,0.002465015515590805,0.006634310310254205,0.04342570730491188,0.04483343996542017,0.0040846434237573,0.01828239352842893,neu
0.09690528290090654,0.0006342579883975652,3.19117314917524,0.1892807961161648,0.19120921701491267,0.8735111299846664,0.0014858977095179617,0.20625,-26.210097795407286,1.5923922762793332,0.08304269218986983,0.46242961969007035,-0.1815663388902878,0.602155775930844,0.03861590625867275,0.13582683824039793,0.13599750735388005,-0.39161820299848127,0.11270028283799652,-0.12084052849021827,-0.02155376608940308,0.03839342114274041,0.0073256562700841155,0.016788723801550214,0.003761280206410217,0.0032035148947613663,0.023149751187164353,0.2788490741566567,0.0012521859409053435,0.004606338778957126,0.15009675733098532,0.0060590291352888735,0.0028103394196555666,0.08101201100105654,neu
0.06439512347608628,0.0006435929346035993,3.167659777020376,0.1661352681067984,0.18803914437993352,0.5557140902544815,0.0010996984854833379,0.0775,-26.704530389997597,1.8059423204133795,-0.026549270283948077,0.39010572519399983,-0.09558316753153796,0.5913195110702592,0.03964015996795916,0.06207517754659505,0.2036272760242429,-0.4049392814619972,0.059025621441581244,0.007078814481714745,-0.02003591875484585,0.015033578082905164,0.006842753658357855,0.018136929648474645,0.005286204589781575,0.010427746749113264,0.05840546448808725,0.3743455614900778,0.0008273125480551471,0.011107530368080305,0.0760652680732003,0.021513651296230195,0.0029197167700786854,0.10023903393557046,neu
0.0578305720537668,0.0020534366599563405,1.2987758301450194,0.12761708103502725,0.1861910685578437,0.16659082644495024,0.0045714073041492565,0.06625,-25.477410308328967,3.307749106849289,-0.16407338214407477,-0.44655791428342706,-0.5052197928785891,0.19910351275292748,0.0736378775094955,-0.0213013379556767,-0.13876249869074592,-0.5352741376215049,-0.5320374376225254,-0.25142151513953637,0.017116131316673017,0.015539818696988858,0.0178388515216376,0.0394206693448317,0.029361184856239404,0.00718399154870598,0.031961957860940325,0.039809025291777766,0.0023500073695209,0.007282477086726319,0.03108019335685271,0.0027145548496641013,0.004610691574517356,0.013877246587099537,neu
0.06689590497030322,0.03475303639386912,2.4474639027365868,0.12623428697226013,0.13235037121885407,0.6710802152056277,0.008757643803338338,0.1175,-22.62401234094322,2.635415763960097,-1.729191002752965,-0.09089101166524603,0.14582652468318819,-0.6499405219858284,0.1695841230683703,-0.2606075624330656,-0.3098299866127671,-0.5081475041587565,-0.5342474260142096,-0.932722111915895,-0.5829737958590554,0.03004246250799762,0.04483681419753133,0.0020476547456148068,0.0025817825469817857,0.004837233924866769,0.0011340302734300092,0.00021641096416500895,0.005807699041957728,0.0013438703568793315,0.001269306932995652,0.0004767127710775234,0.00014487012292584855,0.013656257004546073,neu
0.08815254767114723,0.062280046128830244,3.2531356984706354,0.12920008252993323,0.12429521188316031,0.9513835842821107,0.003458471366365005,0.135625,-21.225174036750712,2.4743568427131137,-2.39830364853935,0.08001127442538972,0.422981072817184,-0.9417484983733997,0.19616726435751164,-0.04554594749430359,-0.45654866052846704,-0.9844041678881064,-0.5328095679043255,-0.9653131447278553,-0.16308884646171842,0.020940881656287793,0.030286762225985114,0.01029818190287546,0.010908305468869504,0.0030217393800277327,0.000846002706727682,0.0008437105654597501,0.005216451082921497,0.0023160872225417364,0.0015366662273462977,0.00021698712662763075,0.0004803569968897034,0.009115686443748477,neu
0.10690840887777431,0.04220046134429028,3.139658023641299,0.1465772493007928,0.14432607221046478,1.0999569188759848,0.002261923823647531,0.13625,-20.86904489919757,2.06589490895158,-2.003300714571901,0.4735843246838919,-0.037009976125220244,-0.4388502403151944,0.1510542953836228,-0.0576715043925572,-0.381981919316221,-1.0884647321074432,-0.27813361399641856,-0.5341113069415059,0.23569557035685032,0.0031841477695746887,0.0074453236376653105,0.029233907170757124,0.023380206568763696,0.0026795760874295557,0.0009406840743050001,0.0026471415018428004,0.0007679790833596954,0.0012776155645371052,0.004036886793927472,0.0020816615126806885,0.0011706141521773416,0.009074080872367366,neu
0.09753047827446076,0.0682005260925238,2.9752424128064976,0.15420635859474963,0.15044546459318234,0.5181987739015274,0.007602001501264082,0.08125,-21.07116300100372,1.603937846152335,-1.1389888083639506,0.11442994453418359,-0.27563361389706825,-0.3773213957060584,0.07000799723823131,0.09998034181048318,-0.42816130664007035,-0.8127581548860099,-0.5693006883551966,-0.5580881540028746,-0.06143453615600291,0.0006710647706735985,0.00415426734234152,0.13128841942847624,0.0020237012282846596,0.000369800344427031,0.0005077106054774718,0.0007160306661247867,0.0002492058223005923,0.0002555583608638484,0.002605612607893517,0.00060165197531153,0.0006338979216171469,0.0359828590831199,neu
0.06283213504220068,0.09260578082114952,3.2648400484796167,0.16415994893430325,0.20279028328494111,0.20556493680167703,0.004424559868610947,0.060625,-21.958579507107313,1.9249665455444955,0.09703059203555756,-0.014165785012360465,-0.2722169116154619,-0.03292183243364792,-0.1965224584219489,-0.09172485377172643,-0.6207287916062765,-1.1083405234354309,-0.971794790077198,-0.6218609841362245,-0.12142845107847326,0.004638638036510857,0.0619130727001724,0.07730937018760375,0.0008908926856458852,0.00025828330777200064,0.00024684348872693664,0.0012883634965250707,0.0001606045223024564,0.0002275257774556549,0.0006868686841018218,0.0006528966723909805,0.0006587410699917876,0.025799026918811196,neu
0.06752110034385746,0.07091341735984438,3.2921063623160167,0.17973509909960708,0.16679797953080405,0.5195832697650297,0.009359238516566533,0.089375,-20.801396867352427,1.538946243344672,0.34924990832035585,-0.44360092465335355,-0.02373394066956424,0.140936929936378,-0.1411233903264972,0.05694874536498062,-0.33243075301703695,-0.3186678976835262,-0.6854772632650932,-0.7203163341980753,-0.5079059972090325,0.0034505013491106422,0.09515627772215542,0.00433385574742209,0.0012355576595276295,0.000566610511038942,0.0009034011964136392,0.000891204837197735,0.0007988569866074882,0.017308732372999937,0.0013440218807057743,0.0018505954918341385,0.002168928499088638,0.025804571233225656,neu
0.08533916849015317,0.0670191800055365,3.2406303097105678,0.20783574363308033,0.1983715865206063,0.7982743846673817,0.003871090763568217,0.118125,-20.156577098458687,1.0541683850123367,-0.19241752718840965,-0.08473432286527104,0.1601279503480606,0.2682484253643725,-0.33892448797855634,-0.23009488752430762,-0.298131224042206,-0.5032679775698433,-0.6640829963005473,-0.8412673389288999,-0.7702643594989999,0.003495644356862875,0.03857147778752241,0.010676060325082608,0.001577798364180185,0.0007140828203027425,0.00041385605860591677,0.0025141740850849912,0.002582566515305582,0.018492971780267677,0.0009814834064944514,0.002242414851336949,0.014977199232774638,0.010856843224227945,neu
0.09159112222569553,0.07879566086676613,3.240431312420183,0.1616343616608481,0.15045408686961434,1.1602261937637526,0.0019587006080036924,0.160625,-19.574425143781305,1.2756447723288247,-1.6495815350141276,0.6793199975216498,-0.019499704436049686,-0.25876921455876456,0.050980263126910993,-0.4290763520501807,-0.6333079415626646,-1.0962066027777446,-0.49561309136259457,-0.7866178697558311,-0.1365589634834435,0.01683693933660251,0.007394042834417443,0.005987085235278375,0.010312749409305329,0.002125268393858956,0.0012092756641976412,0.0024565760560896696,0.002789663632346162,0.000887405165149795,0.0011757160536649822,0.0008708658396646189,0.01307780796465512,0.005169496792554125,neu
0.09252891528602689,0.0812359635797215,3.2180458846416236,0.15539277921803776,0.1433662964904145,1.2014544217534577,0.0018944036673951789,0.16125,-19.227645886396267,1.5200946523400176,-1.8426369954818833,0.7137588834665447,-0.22360129647866792,-0.3605784139527949,-0.11361429665996042,-0.6035080442434307,-0.7584196357630543,-0.9847231409145268,-0.04571732508186277,-0.09749419734476036,0.3367144275943265,0.0037119105915541955,0.00975701071738104,0.010556380897044962,0.008347967400629902,0.00607678029953107,0.014764612453424409,0.003714831229837749,0.002610617633946659,0.0009729026132304235,0.0015162181918412375,0.0016042798654612115,0.0031907463596263,0.004178478457860763,neu
0.05532979055954986,0.06310804015235062,3.085627522591837,0.1517568528776727,0.1607666836082345,0.944361615695288,0.001591561376879649,0.14625,-20.34673332179068,1.9259669657281338,-0.6956066344367591,0.33434219167712326,-0.683983528170196,-0.4031540781451033,-0.22167560945061351,-0.3525790613236672,-0.7883655518421471,-1.2872553174746106,-0.3177237840554157,-0.024634321757593794,0.44217441618127523,0.019477029235854038,0.012335090539839067,0.03262100218165512,0.01596490098051483,0.009242309052458602,0.010245167340214578,0.002264917635180436,0.0006072399021301906,0.00030747844055088443,0.0009848411761269216,0.001026645406228415,0.003943332767591121,0.00945877788473922,neu
0.09690528290090654,0.03259796961636713,2.638204255159486,0.20229949440472939,0.24743970388644568,0.20983131604852778,0.003933408388459741,0.055625,-22.87470409854139,2.9270462628394474,0.3024767173762166,-0.29931159778783367,-0.5286223635230615,-0.2867561528853363,-0.06718649036148451,-0.31312457887529616,-0.525126103190421,-1.0662573065324323,-0.636243378108933,-0.6781126747371353,-0.1800305635259984,0.03635651141748924,0.019712322200187638,0.07148887974113216,0.022982599428644643,0.00327534410086279,0.0021505349856828513,0.0027674467678051513,0.00023767117859411078,0.0006695327018496908,0.004635339859275627,0.006748262847163134,0.0189786111231937,0.019982347550819186,neu
0.17818068146295718,0.022033677758952725,2.3796867138067257,0.2503963266880709,0.2651824357682456,0.43426672433533964,0.005047581731986251,0.055625,-22.843355899406856,2.4966942781272805,0.3644166454906677,-0.3526999317215483,-0.4635057308884246,0.06160143854123425,-0.2906312229759946,-0.09585305276969514,0.030842463787851642,-0.4560164724434214,-0.24140639920510693,-0.7127037748200563,-0.7704762161521371,0.026385922656979366,0.0023094372090518944,0.00329761874698029,0.0015070492064292794,0.0013444327356647232,0.0004758381467223385,0.004171121910201772,0.0007793234773489008,0.0007392418464714489,0.004004475048685411,0.02468433851260511,0.10069567939326415,0.02750868186888115,neu
0.12097530478274461,0.06315530101979949,2.948456203201713,0.18970712496135414,0.22270090670587223,0.25449700149746274,0.00426427623284353,0.054375,-22.431250037637394,2.2431456204961138,0.4212438925833613,-0.18512015713806917,-0.1749856041829195,0.34146873737494515,-0.42843132391617894,0.050498201704364955,-0.21493629778435244,-0.41176928903678367,-0.31132493621225593,-0.7595835256243897,-0.7984553034367902,0.00711511019188073,0.001040896430696087,0.0008425595802165165,0.0004641949602536496,0.0004913336492135993,0.0005386601575737647,0.0030737740842813797,0.00018010033436391428,0.0006241065762509648,0.004248765547295716,0.010076076117011095,0.02545883661308961,0.006990321898551564,neu
0.03469834323226008,0.07634890297736181,3.279841072317595,0.15150332702557048,0.19855220124707637,0.23286924565144057,0.005302036603683768,0.055,-21.717175337496762,2.444206349217278,-0.12746560884287092,0.17164453012917588,-0.041450055908392285,0.23850339543122273,-0.5579142499710023,-0.08075427235032503,-0.3401177486170569,-0.3487517541316627,-0.25885395179928844,-0.6339656972069575,-0.712772994361291,0.010003839402340725,0.0023776323856520487,0.0012010497633785408,0.0005643647831841117,0.0005265372011780508,0.0004593248378366508,0.0028725963114063866,0.0005132886477878272,0.0006644361805072275,0.0026636329439129122,0.0075313262377206345,0.2059464795063152,0.05625826025329029,neu
0.030321975617380433,0.06957452712548219,3.2742884861176202,0.1328705841930171,0.17967317811698355,0.23342105140562244,0.002290761188216834,0.07875,-22.29286690569906,2.824242922676876,-0.5164545252159947,0.12325861752186085,0.06290879339037099,-0.21654561361878039,0.27823997221016006,-0.3088894631479755,-0.5964196609762207,-0.3593572274746196,-0.09289539651550457,-0.48004023386336564,-0.7031548476754674,0.00461155361281864,0.0007971453347023607,0.0009241710259840268,0.000772367311784174,0.0002474193913044753,0.0006042183971980545,0.01118387615231551,0.000280460909406586,0.0004715369909168136,0.003602498899011374,0.010236730708217262,0.28343571103315424,0.07757780210591217,neu
0.043138480775242266,0.061363002063873455,3.053186456745424,0.12618966188195907,0.15918868656241142,0.2792809980187491,0.01065217438023094,0.08,-22.61213927508931,2.7760635955284476,-0.775698762288693,0.018222229715801598,0.32732980342357787,-0.5705881246459887,0.41336934748420545,-0.328794496950787,-0.4230384986328368,-0.1626441715875687,-0.11543101956422058,-0.6492053637087506,-0.9293466219473661,0.0074629145422047015,0.0022084029861136716,0.0004050348188550379,0.000570132521489721,0.00017841399533750018,0.000678570802564769,0.015944779259668636,0.0005083730147630362,0.0005734485978728337,0.0033275121073191045,0.018044375866302757,0.032768671210113266,0.009820464893377541,neu
0.06095654892153798,0.04077989175183152,2.924517619759061,0.1349445688356927,0.15852827199226768,0.35374072757150615,0.006978272286365516,0.080625,-21.595838334872273,2.3641212619093666,-0.3800005584387465,-0.12329037099919751,-0.18067004969321845,-0.062435871457651705,0.26959804986346225,-0.4003966996059835,-0.20476063914326906,-0.2139341428280178,0.186858571656544,-0.24553694806218904,-0.9887562836137439,0.0217045010756437,0.0043939423016567895,0.0006132578405561445,0.0007977803195926736,0.0010781159838624097,0.008868676212758447,0.009749594789436593,0.0008823982922539697,0.0005795509601860016,0.01930607441291635,0.03297578397709394,0.06090021314198788,0.017448503758128828,neu
0.06564551422319474,0.03481425828960885,3.00885043217836,0.13818927077825943,0.15093667028789537,0.3003406210354042,0.0034021155729993965,0.076875,-21.68630274940055,2.0981800472802576,-0.28270179702338094,-0.6029705464031482,-0.5085153253628631,0.390444877507799,0.1367934720147803,-0.27219120475933617,-0.2125893307209087,-0.3325489873240267,0.0741518128725661,-0.01823380203617306,-0.9590002171340125,0.004230295661122731,0.0009913350729487819,0.0008059436483083295,0.0008720135422486621,0.007004658451555022,0.025613013482731668,0.004870668464014378,0.0004123877105155166,0.00035339357726545264,0.03409823867139111,0.0420769250732018,0.02661908418734754,0.014626122358651234,neu
0.0665833072835261,0.07710414333678602,2.609401225180899,0.13970814442658544,0.14215063490550855,0.24296493036803243,0.003650811599030296,0.075625,-21.576095406548767,1.6567940807503914,-0.6790804956994863,-0.36530996681609657,-0.8376176353520266,0.7609688515779625,-0.2930065362866381,0.06744584769213186,-0.5414628743006316,-0.16246090134756713,0.1963590394386962,0.16630776744183443,-0.9801363138421018,0.0007885266088662825,0.0001265839961201566,0.00014304392896373372,0.00015094294240641554,0.003193107944942059,0.11051489398522524,0.0024660096434557517,3.764829431741268e-05,0.0001218833729108466,0.013009329830092778,0.011651125739829644,0.006163244341810366,0.02991531422982878,neu
0.07033447952485151,0.07561016665878473,2.586455962328879,0.14570059216477818,0.15560179489779563,0.2899211712514606,0.0025141641261789637,0.075625,-21.073784959532063,1.9355992104314705,-0.6769376384949674,-0.6383915682157161,-0.9369628387997336,0.8077146513069516,-0.35252740750446215,-0.1093730600232067,-1.089553825369994,-0.5659114642972413,-0.058029797847356526,0.2853313318200657,-0.4391406053370581,0.002098200786611,0.0008658012656194413,0.0019208200792225657,0.0043595651864886086,0.002186377923596609,0.08444640565379768,0.0017524445634697812,0.00029282505756864004,0.00015499841617692153,0.004850395490678441,0.008318707840458742,0.017335683719918508,0.0226981546411317,neu
0.06845889340418881,0.01975844227937713,2.703139821772794,0.15289303232118287,0.16896812854862148,0.36686988642302987,0.006540749647738555,0.07375,-22.992754995237842,1.87251015858856,0.1134468604631185,-0.6588274522569975,-0.6104378347509313,0.8059708613356886,0.0659975198246912,-0.0270121409591573,-1.1735640190461747,-1.1960493045122438,-0.6709576114416265,0.16610449127960378,0.26133814424253754,0.00042526540049964774,0.0013088722611330015,0.027764465659851342,0.04041570932788484,0.01185129013286955,0.0064244446608613765,0.0009692200333701551,0.0001397422378507107,0.00022342807888843562,0.003090309581127678,0.0011443198915268662,0.006841355352240105,0.01225850470717239,neu
0.08190059393560488,0.02290621373062648,2.5648958606846657,0.15651519828818036,0.17166275098340478,0.43344419399958456,0.005028563539791018,0.079375,-21.61300390903394,2.3893813258401027,-0.21507518841400075,-1.0416990672705213,0.13636306878899604,0.3589567769699686,0.05275598716972594,0.07409848029347794,-0.7512820054107804,-0.7049877727700913,-0.15735851889220753,-0.3736558964294156,-0.24283699490593164,0.002562599472774134,0.006874731679020486,0.01373612101474833,0.011199830879578605,0.009529430621604726,0.026181268950736705,0.00497864871517022,0.0007374373128844478,0.0009502342742766268,0.01681518241236993,0.04338150323860353,0.013519271888392989,0.01165922361959306,neu
0.10065645514223195,0.03150116357170134,3.069323739692213,0.17564514156421163,0.1707483868628156,0.5939217722943264,0.0018330921626262726,0.094375,-21.192119906316165,1.7205746156264397,-0.5104595494052199,-1.07745270855954,0.37650130720469277,0.24521519137435882,0.15199932955180456,0.10731205509932952,-0.6102348473582013,-0.32315445483579025,-0.0949359732520903,-0.22824309124938164,-0.48009585860973425,0.0035999016343700326,0.002302004500352464,0.0006946651150074562,0.0034850787537393964,0.014970133972929811,0.01466909267293061,0.0030390179401295738,0.000786070348417706,0.0014080762878344202,0.1046787958816613,0.027064047918262196,0.013595912852590075,0.027897669689733912,neu
0.11503594873397936,0.024675877498471187,3.285168309746236,0.21017979469562675,0.1839159142987799,0.6206934208835698,0.00422488115380414,0.09125,-22.2503902686937,1.2647599713935143,-0.3508930026142579,-0.7922180099770868,0.6864196014847114,0.16321875517787537,0.34998893411193904,-0.03481300209716583,-0.5546833130491128,-0.29292758812629455,-0.3405871089958256,0.1547553062914027,-0.22060380451639083,0.0014945657326942228,0.0005276842056264825,0.00046275253866619035,0.00835338986869804,0.0026291429328661213,0.0029170791414942034,0.0013572933418554405,0.00018435531786727195,0.003311593906298375,0.0034451176749962535,0.001014317183015764,0.001053345950892939,0.0021436773331510554,neu
0.08596436386370741,0.01959986280295645,3.311581115545452,0.1893686782573393,0.18019505666198934,0.45618011726811186,0.0019298762619393121,0.06875,-23.233052248742318,1.3703061766021236,0.3470536488790073,-0.3000745188626782,0.2079266721188019,0.5052158084336157,0.3133220157119671,-0.040158309634170004,-0.33167211761980114,-0.5366658826819478,-0.3421110951803364,0.2078078234922003,-0.16351277536062014,0.0010018134591282318,0.0002353769565931224,0.001294489684844013,0.006109521343957434,0.00033943740627746663,0.00034768223267525204,0.002463274679101198,0.0004930730052909024,0.0034402762201397943,0.01515894429379864,0.009427561652893105,0.0024116854794449345,0.004385835505652664,neu
0.07095967489840575,0.01304916377601833,3.1503610031710054,0.15955354742970906,0.15411973454750488,0.8475838093100839,0.004539211235336597,0.13,-22.19268563987611,1.7405578628940697,-0.6921829917631493,0.6918173552120466,0.010460842737063837,0.4612503551301991,0.20280378576163613,-0.27631853337630685,-0.014816894754155352,-0.8479000181023989,-0.10144814113220257,0.13162623096914133,0.05477725512692194,0.0027762276619696684,0.0016717203345570555,0.0017970153701237456,0.006084251394506102,0.004090802283634066,0.0029870551658278768,0.010904428902730703,0.0007352961813328674,0.011762354987232573,0.21019392299054,0.007873275872894301,0.00592221870291858,0.05677511450535038,neu
0.09596748984057518,0.020376962177020518,2.9600180749239864,0.17495444955987227,0.15762610829198917,1.1699361839872788,0.00468026547052769,0.199375,-21.1966898650447,1.3277619302706123,-0.6822408842768706,0.359255923197814,0.07797141478279394,0.47741057445336915,0.01483716852607336,-0.1387198603315177,-0.049031209196739894,-0.7123573513081798,0.09987902933598712,0.0849619668020299,-0.24866877091542097,0.002229061162009374,0.0010822086445252729,0.0013345060497311587,0.002947692248788421,0.004126361305636868,0.0567754674881379,0.0012029839944768931,0.0013328056733965565,0.007140344712381881,0.007201509611637447,0.0728821048385454,0.017569537073073377,0.023107465547359263,neu
0.09440450140668959,0.031895399416618175,3.2573813770275173,0.1746705006520999,0.14863632977538566,1.0328046347853772,0.001438305982591225,0.168125,-21.277538582227244,0.7999705160452291,-1.0558403901001012,0.35584976056415546,0.09188633590133168,0.39662113892712264,0.2747562597026785,-0.2081034103583356,-0.21956584304388058,-0.4070258256241145,-0.007250793941378311,-0.25286940843935496,-0.48261451896306984,0.0009971123183834334,0.0006337742120312747,0.0018476415355761437,0.0006707380865554698,0.0030460875605419417,0.028228968822574117,0.0011961680464870226,0.0010983693282721342,0.00041067130681477664,0.007152339214366491,0.029638108849968706,0.018066836705277017,0.01060525484747014,neu
0.08377618005626758,0.017361320401385338,2.6426214410196613,0.157189897374852,0.14070447254074575,1.0331699074933798,0.0014827393233120241,0.169375,-21.748983468720144,1.4787566464541664,-1.2598205118393386,0.5478594002862345,-0.05496050791948261,0.047408232071540206,0.3951712563526407,-0.40893989675520426,-0.10660135860097002,-0.24255132803784438,-0.0745999151527893,0.05305453554681548,-0.43282782908512796,0.0010538690397757962,0.00092254445956264,0.0030422988422455833,0.0009170732484839624,0.0018971673225729308,0.016940922371946453,0.00199232163291273,0.0015020103496333488,0.0015075190400205443,0.002862852658902582,0.02059425507593327,0.0791278527226899,0.021495621291776675,neu
0.06845889340418881,0.019794547624384574,2.618843222410873,0.15771026569028307,0.1601169523646693,0.6917860229611152,0.0062767187491653735,0.106875,-21.917751783801506,1.6781907234576363,-0.5332976579251263,0.31325375841380887,-0.06982190920239975,0.20339988641426676,-0.2117002759494815,-0.2888874536455837,-0.08699864527743993,-0.8433203055420131,-0.2343355895294429,-0.501465590365733,-0.5693580976627242,0.11058966515310999,0.0261674419341152,0.004010871331920548,0.0018177266675127376,0.0009073316027986787,0.0022457594249478906,0.006512983116120692,0.0015365936804908234,0.0006417651942940151,0.003006314870242847,0.0046804088454036686,0.007610433239031228,0.029823800412288784,neu
0.06408252578930916,0.03838772001393878,3.173531391332767,0.14850248118700257,0.1626327861003734,0.7207606908977534,0.0027572832186010723,0.12125,-21.47252605936704,1.7435316779168115,-1.008138382741491,0.2899401312385691,0.1566208834023927,-0.03911267066882983,-0.23406093071546696,-0.2170073851032853,-0.21202656077975204,-0.9700867853411362,-0.5119684426081644,-1.0324560271628496,-0.5188323840004918,0.04997636215807137,0.015943344490332002,0.04005414734785373,0.000783144891222583,0.0001736221906916766,0.0008291804442776986,0.003951908928308157,0.0009502601226078444,0.0015399110798523985,0.004038992365226511,0.0019285292121291183,0.007819509228336562,0.016053206410546368,neu
0.07189746795873711,0.02312655161572762,2.545405635463382,0.14343512275214032,0.168926738272174,0.7613714291820736,0.0017842054042772734,0.121875,-22.52329061418165,2.37743277961952,-0.9336450373876798,0.30409014891249037,-0.133002474909232,-0.510241584987823,-0.056680916316829213,-0.27486638255142676,-0.12690697730004694,-0.6710885355232209,-0.5889119386316656,-0.8816598783085724,-0.38319942907622867,0.0026509659311359755,0.004026119138531784,0.058615325266446874,0.0029615679039696956,0.0011092727382584007,0.0010111749040680774,0.006606042915704921,0.00020986974827647386,0.0024513054343747974,0.004063403023029226,0.002883914252915362,0.002682610073124465,0.015512406375251473,neu
0.051891216005001566,0.034450283654937165,2.6236441459991178,0.12971956028198425,0.1761708497466226,0.08285775568919207,0.02132631518817585,0.02875,-24.01569056490394,2.6028662852606197,0.38940976057016696,-0.244243730624981,0.4568432892262221,-0.2724228940529675,0.18722363406456935,0.15505397822881412,-0.40151130517730144,-0.4262500192198795,-0.7907339382660734,-0.8347882668344141,-0.949509193594436,0.11876127534335933,0.012058039907836056,0.004754641903830278,0.00030899056256405695,0.0003025649479371738,0.00029112246658950043,0.0015743658324746574,0.0005864107664167176,0.00020260871145541778,0.004146142271718305,0.006995571321570397,0.018953637728932233,0.03204487006977355,neu
0.0403251015942482,0.04013371382780636,2.9013008044228528,0.15238948511910538,0.19512978103810233,0.13103166580809514,0.003812023572151851,0.0675,-22.64405243204766,2.381762086326918,-0.3382004235037056,-0.8299759437176064,0.037982343440323016,0.4540056074684754,0.03620866638646241,-0.29191413375337116,-0.3765438520843618,-0.48031966636822626,-0.3391027224267245,-0.719958639620873,-0.8229515250368803,0.05484515291277609,0.002288317369463144,0.0005343143539366562,0.00013002221427366523,0.00039477501136121995,0.0012244608169553507,0.004450526737818692,0.0006207046101503108,0.00023720490135683886,0.0037119794220890393,0.006249875031045734,0.03327924021699502,0.016392027058182372,neu
0.06408252578930916,0.028740036584349992,2.8767441209323295,0.15538609053617922,0.1694993519228564,0.458009365715796,0.011166145606345938,0.094375,-21.28913008358047,2.0703730334931882,-0.8064766342773895,-0.5169028620517092,-0.20994439622155006,0.3513080286177428,0.18930962823435976,-0.3528694239554307,-0.12931960856475969,-0.4091169890463059,-0.009158589732321889,0.0334238228757543,-0.7787761434787697,0.006269975355213434,0.003848239079862224,0.002777929186291908,0.0019184618158042074,0.003809226436828605,0.046040332403533266,0.005373691730242652,0.000609793370139944,0.0009059180287141224,0.017536066901107393,0.031151241246519638,0.05215219455774843,0.017679934684984282,neu
0.06939668646452016,0.035195537365979634,3.1863446530605253,0.14568850217082827,0.14409082710461907,0.5277038097499938,0.0020126920582711023,0.094375,-21.08179721001524,1.9854969487327894,-0.589168728164511,-0.4581780048603768,-0.12935066096655695,0.541739763467074,0.21276778034819968,-0.3694105297631563,-0.2810415874446243,-0.4266079842394682,0.10019463832731167,0.18767595942544998,-0.6991033637932723,0.002732624794841667,0.0016576157287727803,0.002627238003695356,0.0009935361179947888,0.005929147789124573,0.02982635083187622,0.0026046397849351396,0.0006219570396188929,0.0034985953806333935,0.10338830022688343,0.009509540038886984,0.008410505298269073,0.027918012924832453,neu
0.0437636761487965,0.022501270548596762,3.1998290607574256,0.1519933363618855,0.16384129615911955,0.42837330118593236,0.003956338975493658,0.091875,-22.659583943850212,1.8276013412038348,-0.4936586130668348,-0.2103887241378306,0.08630430197780983,0.8164326425476605,0.22777722686571228,-0.07955725279926637,-0.17881825038539612,-0.42464156083995186,-0.062129339997466476,0.04476065304192577,-0.4892284370474548,0.0016062469432736085,0.00044774044886043246,0.0006389176866557774,0.003140947042042439,0.002647552989797832,0.003202755589166131,0.0023186004701397627,0.0002243227485711677,0.002784020033069491,0.3540185107233343,0.011583004240142403,0.0002493425717431871,0.0971646193633864,neu
0.036886527039699905,0.008342906321920515,2.6443891669863686,0.11949910084962467,0.16849639274295522,0.10844471642570837,0.005216198073467102,0.068125,-25.188156249316116,2.8543719190571424,0.20906465345844089,0.3159059701009009,-0.19019377767335438,0.6792106622296267,0.15990681651787314,-0.025569335375793017,-0.2035540248799799,-0.2689039834564165,-0.4531535047846934,0.06019146722521118,-0.37069701103552666,0.004778362017962285,0.0004550551179254195,0.0010210700461302995,0.0008380898007269701,0.001980617302716878,0.0057495228505876845,0.0033254110302184605,0.00018743377666532678,0.00708803466241325,0.3332171635013967,0.022164952805882054,0.008019654043873024,0.09088161373635845,neu
0.05970615817442951,0.006478695040551491,1.9635219918034084,0.20522203059321836,0.22178888650649828,0.5517726859092519,0.01423034219380928,0.0775,-23.665006394263433,2.124390921876156,0.10449914611478481,-0.4114766473903754,0.38676269681343584,0.40327547612149167,0.32993884047875577,-0.05847067766996918,-0.5296702880693339,-0.27670744737974745,-0.2537675193445087,-0.08271134887323403,-0.46386152004859593,0.0127230385818059,0.005244917300490821,0.0031972325132874407,0.0018077445098061819,0.009624873349912988,0.01387093263918163,0.015567615984466592,0.0026040489337373143,0.001362833319569851,0.03465469807912662,0.08927007990186965,0.07119798183258493,0.027832715773622865,neu
0.0490778368240075,0.01817957633216618,2.9277250505110657,0.17520798727068698,0.19314589970951318,0.27601322800742345,0.003730766291193677,0.074375,-23.37346353202922,2.0147847212216186,0.27072894908748607,-0.29870770084912,0.14155688373731548,0.5061609988528479,0.1491891067007176,-0.01417916835418002,-0.5163958831308434,-0.3065810076818221,-0.13182563175213602,-0.09430283758009961,-0.39391980098275925,0.0009143076191252396,0.0025114159587774913,0.001127372573053061,0.0012904867053007568,0.0008686040593464753,0.012731862879095454,0.007124621751516775,0.000218856115009596,0.0027730955822449902,0.06410721442243524,0.36568624340248695,0.03427506997334607,0.09955591599042532,neu
0.04282588308846515,0.022824812923639814,3.298716362518599,0.15010054206485487,0.18602954205081906,0.32047524967348207,0.003614441395985651,0.074375,-22.496960259403682,2.3859649032776153,-0.517084530691748,0.3186523024788894,-0.09442508649509378,0.4533392296717977,0.18984372818414347,-0.35089677021446203,-0.5557722571050284,-0.35564072628837556,0.1438123005958578,-0.15474463203572894,-0.34618200478278094,0.005557359952125141,0.0016382552367103414,0.0006543234086720692,0.0009572335920498343,0.009254143561181913,0.002384590779618463,0.0018085647472092122,0.001138696647137647,0.004721538108069335,0.12921651053555275,0.1429729617871238,0.000590162354621952,0.049788584258396926,neu
0.06439512347608628,0.0148730060108453,2.9919324238406,0.14141006789491692,0.15927548306322956,0.44685418596925025,0.0038633882742803564,0.09,-22.92931750289119,2.146716601562284,-0.5050620989178111,0.05424820635477188,0.10590843099024454,0.44245291842519596,0.534963448194342,-0.09303950611166918,-0.5247621056965676,-0.3123389751014188,-0.21292607758985116,-0.03389016123275605,0.018496377365568622,0.0017904572857467187,0.0002737784087185628,0.00370542580500751,0.017047303482658233,0.007516291461085128,0.0007881540786365375,0.006794156544086602,0.0013268624986076962,0.021837572514710534,0.0813199636179426,0.006726574727696045,0.003089190778884214,0.021653448418567502,neu
0.06908408877774304,0.016558316324440613,2.719001769839309,0.13241312018115178,0.15412452803466792,0.3387862753908338,0.004108109825244612,0.08625,-22.383137969951434,2.4000608143479303,-0.6025802922698829,-0.20818609250930598,-0.23304203927240927,0.47778812008651855,0.2518672609223107,-0.0984086487997567,-0.41142463443445637,-0.1947601733568683,-0.1140093788779864,0.23284298251161822,-0.16844176496805624,0.00045927701162223016,0.0008245092632728154,0.007810198818271952,0.006217857825465631,0.004264800264617692,0.0031353152261818003,0.011669935982995714,0.00951464509030963,0.03464712063582916,0.011960814440393463,0.0006770020282594134,0.002748986988587779,0.008997876099703539,neu
0.05814316974054392,0.013117185557308847,2.327949094602913,0.11231744291368656,0.12458947876445335,0.30359291793496396,0.0010746810825653984,0.08625,-23.098329295839154,2.729081276771314,-1.0623543705571843,-0.04944075169175358,-0.6588286996958186,0.6277841874875177,0.27506098950705526,-0.15024838166191745,-0.3858274626162216,-0.03220277878261081,-0.0486422902315312,0.2528578975028186,-0.23831880352812698,0.003917748366190854,0.001210451233273132,0.012582074751163828,0.006513636578677837,0.00183487547663028,0.0013460346006963111,0.010080797134655744,0.010728210333351439,0.07934060126935498,0.014740092132447142,0.0023901702670808063,0.0015850031528511512,0.02077051205142582,neu
0.0647077211628634,0.0032777744974647766,1.9429837457515975,0.14650988399195178,0.19319541934204082,0.4029486920581712,0.004713237754334203,0.075,-24.145732098558746,2.8103087974585583,-0.17268554630331,0.2789878862616951,-0.33342288990677793,0.3555514459099724,0.2513720345544392,-0.42381057860254684,-0.07820380631988819,-0.23594190745104357,-0.19879330449417043,0.15616618744234478,-0.21031503003547244,0.01667170836896771,0.0029287606081168263,0.009521016854145692,0.004477080832660585,0.01359060792101387,0.006921851071151526,0.033802240955943995,0.015717376626387752,0.035007365813876756,0.027351783991779066,0.042543162611503975,0.02536715651954783,0.012541283288517314,neu
0.08096280087527352,0.00472510450180629,2.133772054009109,0.14196053410533208,0.17610538334345752,0.33191689389223566,0.00202133103686542,0.07125,-24.361500828926964,2.5966880331212776,-0.018555636360402052,0.2993714152755,-0.6728332999300214,0.3058045496408732,0.5832181751537648,-0.2353951560726927,-0.16572931201724728,-0.4685321186439392,-0.12016706049324638,0.3201287999744338,-0.4555671825802453,0.004349341515858757,0.0017470308212309987,0.0017128612292570463,0.00275808049360892,0.01300058032545623,0.009781670287547424,0.0022500025014404526,0.007134489239763562,0.020918933236352816,0.12198550307841063,0.05823709646839884,0.019709925059087953,0.03374104540024872,neu
0.07939981244138794,0.02898569345683068,2.0871169211826746,0.14120136723457077,0.14103224005437778,0.8512535108460124,0.006219088264952388,0.134375,-21.50326090805442,1.9549355382005509,-1.2546348616050713,0.30245337524901655,-0.1857991459636315,0.6889850157716148,-0.4566623352128248,-0.642040692873069,-0.10346479056914919,0.04790706951921003,-0.13978652770571634,0.11259922213761007,-0.40482561188724014,0.005925678703511702,0.0002065192189106116,0.0009829346691964458,0.004495190282314127,0.0010617473958459043,0.0022788720077256486,0.003099177596761601,0.0008805688685663987,0.04689189504357889,0.010561528150373894,0.003055255391861185,0.0009695138607125903,0.012432823857187771,neu
0.1578618318224445,0.03525276698356639,2.511390141490235,0.24159657559507447,0.22062114963948198,1.0451946715136842,0.0010496369885972063,0.16,-21.555732100224976,1.2963753021471272,-0.9943945610635184,-0.08832605481316734,0.00034387097187819096,0.5139974066835025,-0.04643018293404741,-0.6642544606828164,0.042776182301667715,-0.19943940513732375,-0.024495633460865168,-0.114717655263302,-0.5244642423397171,0.002813475891674092,0.0004908627710520199,0.0008953379323668531,0.0033767186489208614,0.0005680558999020857,0.0008694536128221789,0.002914900828178789,0.00040742951812607043,0.038849136398539236,0.042460239141159935,0.009866728133816963,0.0019577982542924592,0.014481075357858844,neu
0.24226320725226633,0.0196693293391899,2.726964022701073,0.28110065160054387,0.24771696794791326,1.0803939428590277,0.0025795357029095136,0.39625,-21.791831656116837,2.086811142471214,-0.5061721394122917,-0.9215877044471038,0.23505123511411719,0.4552654685576519,0.08786763990156801,-0.5356287973073255,0.20767950513483566,-0.5255984984726875,0.11523970740721715,-0.19464280594811403,-0.24905188699064099,0.004614378399525594,0.0015392140634172494,0.0007596891425888026,0.0056785551664506285,0.01602649812502749,0.003454313744773358,0.0022937886333712124,0.001371444160540321,0.016516942958490762,0.05304532989863214,0.019484803660633956,0.006003452455978764,0.014169380488140417,neu
0.1491090965926852,0.025982525041852503,3.0521962921206494,0.24429688230121888,0.2430099975583241,0.4861028560391146,0.002364722653663822,0.0725,-22.48619577098562,2.37973308439721,0.11264139197746602,-0.7538513747195063,-0.21187269720335788,0.35069492132541463,0.6314671542734905,-0.29611049186734006,0.05598188570057149,-0.8940242699142859,0.20945610782391025,0.0007811697092663522,-0.2955892648953295,0.0008283599218192095,0.0008917009106329399,0.001914661717122316,0.0028529086992334692,0.016008367115469574,0.0026554042069246784,0.0023256463260127452,0.0023380526678754496,0.04886777098930808,0.016707560283331476,0.013948118662790679,0.0034072651282273173,0.013233605968722419,neu
0.04157549234135667,0.029802327244066475,3.3003272557490506,0.12418412939204516,0.16561623731842964,0.11068388569509807,0.006299351101677153,0.065,-22.956164112246178,2.813251355799027,-0.13749034292328924,-0.3623254051949571,-0.1609488454164392,0.5727408370928903,0.5793916902633959,-0.07746451987704474,0.3215216202024348,-0.3925210320024501,-0.11733263391878945,-0.1752519618985453,-0.10026362798095698,0.00131349160981509,0.0006507988748203945,0.015195438597218894,0.0009895945288831173,0.0014001808403663802,0.0017540493243993547,0.004240067657768105,0.004102876412202303,0.20643291744980033,0.0064206339495102805,0.0008731537989151219,0.0010884497663938002,0.05623720188328707,neu
0.038449515473585494,0.016900901423861355,2.7716777845007226,0.10717145307550838,0.1593958937045741,0.07682084017109324,0.002528409187353495,0.063125,-24.31209273801487,3.235833805817725,0.1668722344619044,0.30679013789709725,-0.33098609530302253,0.4296736793179948,0.5577593144927345,-0.15676531052235113,-0.40902129065046566,-0.4874716351007168,-0.30089631057924476,-0.03508450487349481,0.1145003974571471,0.0010217262250508047,0.0036144966408817743,0.02960359814142799,0.0024403032798631045,0.0005215570840741451,0.0025437587851839818,0.007544776986062104,0.0036297892888349013,0.2162399122114672,0.009278551546545584,0.0025649577036678593,0.005036796130164707,0.058543274908468675,neu
0.04345107846201938,0.0024371521143122413,2.5024741963820762,0.11350838563675698,0.16645777928585412,0.16050858257478173,0.00835828460000335,0.063125,-25.65082884074037,3.246252627554728,0.0841695964551873,0.40788617196682364,-0.08984137750213521,0.39408677882554954,0.7190685306519826,0.08586316483907704,-0.3693327709638,-0.43515114315357467,-0.4415872472041088,-0.25187150024221155,-0.0357423474693455,0.011194488421399357,0.02268844265867401,0.015127867826892644,0.00876099754886388,0.010275583742332556,0.011243416132076085,0.05549061588067791,0.0026912873169550986,0.017266115853639387,0.03206347463562942,0.03555805810288801,0.017169603804516816,0.014048376045792989,neu
0.05751797436698968,0.0005734007314006201,3.134117263239855,0.1457947576111613,0.19073524141937034,0.3420734305739229,0.0035410262254156645,0.06375,-26.994668732808375,2.5558592584718256,-0.01739479483333928,0.27364505799879213,0.08886647155171108,0.42431989144399923,0.3976666101633764,0.11674447916194834,-0.03020962249699105,-0.10464979154744322,-0.2232988159850505,-0.1935257060131669,-0.17567740803535958,0.014018880997363755,0.00933755439927307,0.010806226580188283,0.0034315054077760387,0.025192526622583367,0.03817995109261572,0.24380178579772036,0.008100536822557354,0.025025206628122496,0.1623484078370473,0.017300700962065676,0.008017851836522755,0.07228501869858119,neu
0.061269146608315096,0.00329610455311507,2.314245496862539,0.1305670419759837,0.1611722082235378,0.3208298856543632,0.0029175126812891125,0.076875,-24.365964926023405,2.737610783118221,-0.2090504433036498,0.15469968654452995,-0.020457202919338516,0.4951312914568845,0.29252330303809393,-0.23127835325540033,-0.24934962770764652,-0.4271826425234447,-0.03975517422194369,-0.09416726741906492,-0.12993122038580776,0.004580067253375808,0.002624674007204275,0.004934791264933525,0.010762308972914079,0.0021231643434724786,0.010001493044194457,0.029590639879181906,0.018184128333577014,0.04759267628320473,0.040072568616829035,0.02679581514448339,0.016237734156813066,0.014528368419391568,neu
0.05032822757111598,0.004289131507345617,2.6505745848509554,0.13665586076988598,0.16504469155890997,0.28002998109723154,0.0009957391886321438,0.0675,-24.299747857822585,2.6557526509867864,-0.19501855842647808,0.02190691012977335,-0.008776249340801682,0.4844161398250347,0.2099546371863482,-0.22208480666616215,-0.3185603879436447,-0.41589964639265703,-0.1686877357723114,-0.06943823357407201,-0.15418682498989414,0.00160788999154012,0.00323943906271599,0.008522317866779308,0.005947968402919894,0.0018982196931329463,0.0026048115889442413,0.013778808785957207,0.004482533835895075,0.1346248477641408,0.012233681782512456,0.016801429861710036,0.011262323343942202,0.03547279146051631,neu
0.08377618005626758,0.002604495043141519,2.474485173299198,0.14582482703693556,0.167430435279359,0.8007886477357881,0.0033688202756397656,0.198125,-24.20809101276808,2.593151314144564,0.02140672750791552,0.5068461928282698,-0.8760750453631639,0.6260571921626411,0.28787733203705235,-0.16719430808720592,0.09478230389406932,-0.3848337116778725,-0.3164883877050174,0.23248791660868576,-0.4356736776669575,0.010670024840108072,0.009132173263128695,0.013878146634357318,0.010394974536078959,0.008855325757053419,0.026884407302402616,0.020698837494306125,0.02819955610048644,0.05440376987186114,0.011065883780408058,0.010336030499097041,0.004454960562991078,0.013205026620506244,neu
0.08627696155048453,0.012570639712586993,2.705309835047284,0.11174597991982751,0.13380222396491315,0.31142347599706227,0.004233801933107093,0.07,-23.415511491438497,3.0668716732261525,-0.48949894433237723,0.36942715118850844,-1.4311443712240042,0.4352475720893509,0.28085509995708985,-0.33933593302645426,-0.11036506388791573,-0.4132226847821603,-0.08058586066945896,0.3220043021844013,-0.1639666041759771,0.002988948969828489,0.0019139027238722353,0.0029972266661693115,0.01593964977565416,0.004630984018024471,0.003411628867631443,0.00548897762068342,0.0026807189474431694,0.028260769876571497,0.03990269321352676,0.011604094196464574,0.00243585123263471,0.011661920108004152,neu
0.05845576742732104,0.032375715524108964,3.1968020779035364,0.09387650299699722,0.10782630288264895,0.11958971790831402,0.0047712207499167455,0.06625,-23.1124481749622,3.4634213443747552,-0.5020487756017675,0.014688155189425952,-1.698396599592326,0.7422536613777306,0.20494019878361328,0.03774221188046732,-0.09832776312606793,-0.3215664704176144,0.16444238516078602,0.003057226366585643,0.065930891881733,0.0016728027758780497,0.000760345014279117,0.0047823971257318475,0.005921539386660034,0.002676809879297108,0.0014425143319456975,0.006559370048766576,0.001822206345082702,0.06540290982602961,0.005467290768432588,0.0015991920752367302,0.0005549245060859103,0.01735898908738493,neu
0.06220693966864645,0.07926137946630939,3.124973192752194,0.10873492754904843,0.1362369172624527,0.16377212435673474,0.007286816459116553,0.065,-22.768839699576624,3.196444564034599,-0.3992724860099678,-0.15912481074214038,-1.4609313986020713,1.1785344322729432,0.29226380475596875,0.2882048328324293,0.22480128034473004,-0.6398545547349636,0.11035506291794327,-0.08792441943978534,-0.15979748571931146,0.0005188742844051865,0.0007610539703931516,0.0015716266543548383,0.0024641677303577844,0.00046744248792184294,0.0005497344625876097,0.0032915062366991447,0.0012952881649395545,0.029978681556230128,0.0030423552679773196,0.0011597642819452267,0.0003189090386473408,0.007957893890432954,neu
0.061894341981869334,0.09163629590607733,3.0546713869092073,0.09984236910459657,0.12016226593406161,0.16924695953500266,0.0032822048960965524,0.065,-23.12359021416148,3.293898797964766,-0.49675078711108595,0.22197270075871955,-1.7024544547650666,0.8427674990907906,0.41251342278196984,0.09180766983450472,0.12547131870393577,-0.5343453982805443,0.1982314055115953,0.05815181205039857,-0.03091838459034476,0.00023314070197632197,0.0002214864345614554,0.004646569199373505,0.0010325307139555128,0.00022102271615439005,0.00048261291475544624,0.0008462224230167989,0.0010791940440046193,0.04144394753015544,0.0017923485222473097,0.000778867083779885,0.00024647956674267647,0.01122535905551463,neu
0.06251953735542357,0.03396351629257849,1.8691632982783646,0.09994362954876843,0.12527377255960687,0.15094931558499053,0.006800355962205304,0.065,-23.347031620473956,3.484400837065746,-0.7152477492148916,0.03076991277850446,-1.498897738506903,0.6005039895967452,0.605567374223012,-0.1314544126387754,0.05434272106667874,-0.5498691056452063,0.04280645746867372,0.23385343242222217,-0.13577098484621633,0.001680708202907875,0.000727912186172938,0.008105426894531751,0.005163758747167149,0.0007041221529320568,0.0002756634278852363,0.0010894209343168752,0.0009372085195411805,0.049973100686361106,0.004502748255089738,0.0024083875658314526,0.0006611552348251011,0.01334769267547051,neu
0.06095654892153798,0.0005742416777226126,2.9268463620891305,0.16154802532390167,0.20789385734882498,0.49447951600736684,0.010752440868107296,0.075625,-26.433629986710816,2.480952358905845,0.018999950335852972,0.41605186322450577,-0.1643465224852662,0.37732938378374864,0.21502983350353203,0.08837275101942042,-0.10481705841408252,-0.22131863192750914,-0.06667755392545276,-0.04575457636034902,-0.09219446178000065,0.033819844659877425,0.005129682665919359,0.014827450493142944,0.013671302505553342,0.010497892396211421,0.04621056285950784,0.07612364340762538,0.009323805825178324,0.01669906382798174,0.020853537114099898,0.02076058847588368,0.002134289971649241,0.019950310151234673,neu
0.08127539856205064,0.0003118089576780553,3.2353943553946367,0.16448836465287692,0.19816964060642556,0.5612437316406773,0.0014200960736260758,0.08875,-27.14853402386716,2.3057089256451917,0.03504567277220292,0.27665086671257355,0.06410680676791988,0.283593174964963,0.02195381299150101,-0.01528203864238163,0.10116481782768476,0.02148149145160804,-0.13880469818212018,-0.05133706881212173,-0.09672886512064902,0.06212080315433415,0.00478031967444291,0.03772317057403789,0.008951229279486798,0.020984090136442275,0.050194448314173024,0.10071540553534337,0.0021116454769167067,0.013081880575700503,0.027124177609440633,0.01779747593698016,0.0029026684068786447,0.028291080141608263,neu
0.08190059393560488,0.0003859252788907418,3.0984948355132036,0.16727964491289327,0.20265310179116985,0.4871514168593422,0.0015449929031381138,0.076875,-27.225000217719543,2.2693941277592047,-0.003960919520089724,0.3062454143411672,0.1359645158076815,0.2090990814015903,0.05482604934391855,-0.12687993593977565,0.02029596102322909,0.007643702381061195,-0.1653378014418508,-0.0805823070795981,-0.1317671570947349,0.1321617113268156,0.01644117022639083,0.012940878565833413,0.012343392360882955,0.005476997347563083,0.04139527840402008,0.18962079522221226,0.0012791891332426734,0.005995670388981488,0.13115811051379747,0.004484995661401409,0.006339835416955483,0.06255481023972091,neu
0.06001875586120663,0.006518310026949921,1.8907087318688192,0.11195577807688155,0.1500458313360823,0.28297989044371363,0.006652374423359288,0.08875,-24.25595442394406,3.5466775757630615,-1.1180820092595225,-0.3617089852259273,0.21148723474790068,0.4443586783029716,-0.09235381087369428,0.37871558689220114,-0.24779567809954495,-0.3753321685493281,-0.2690764107996568,0.11226715681333378,0.022867127327901873,0.004703893914078081,0.00227794841992915,0.0028484609466050445,0.01928311858450089,0.006169122174777504,0.0060296778097566625,0.030029285009901336,0.0006921622962745751,0.019818440259832527,0.03599282952293466,0.009529769975554549,0.0013076643200105546,0.011408942599337316,neu
0.06502031884964052,0.021693333465671615,2.97268113066659,0.1061779818874198,0.11872891040239308,0.36338659435089593,0.002924836972114327,0.088125,-22.66381116919449,3.1535472437708054,-1.6558440510453274,0.49682727136639515,-0.6120137702566962,0.5899449385502213,0.3174888477938084,0.10309086814721076,-0.3657068735476744,-0.4082899213579524,0.07006010942900309,0.05559741555957005,-0.01737289993144662,0.0012839351199215368,0.0004150357180498422,0.0054797634520685045,0.003887619740562008,0.0005828545540958421,0.0014299908641633521,0.005091736024589334,0.0037704548145260568,0.014555458852624801,0.025539163034530656,0.002471170548192281,0.00104679252431628,0.00708690823994742,neu
0.06783369803063458,0.02954097549655348,3.2964943818922317,0.13842103227811028,0.15495789635978985,0.3473349301368875,0.0036528996794166274,0.084375,-21.84666497994622,2.076276517760529,-0.9086139928198087,-0.22825814828200794,-0.05391086361677099,0.3644264233283137,0.5833924127004277,0.23718796970789888,-0.12558800182320146,0.003126510259587046,0.010808420784186113,-0.037283403719277394,-0.11364999776459843,0.0009376822061635754,0.0004486001032744642,0.006668168553288969,0.008648516275506911,0.0011327648065184849,0.0014343047870271468,0.0055700381434729395,0.00533298371564631,0.13815613018090084,0.00599923105546445,0.0015231633266650595,0.0009694480042186871,0.0373095631949856,neu
0.053454204438887154,0.022541794711485062,3.2440884699163015,0.15252937664600882,0.17798010697426106,0.24100472278304352,0.004621308735685693,0.066875,-22.717735351904654,2.237941235264194,0.07587446103533806,-0.5641041660565244,0.25783875410772505,0.496100184818634,0.39694267256447413,0.33852541478075515,-0.43119215261978155,-0.3047346668831753,0.02718144587807226,-0.10518938545053479,0.1466017923374302,0.0009990810838698438,0.0010851886146136095,0.05346288361766426,0.0014502673026458037,0.0008883166154208587,0.00214450808653186,0.008377021529337074,0.02343852492660201,0.029473418333668008,0.008359048747362678,0.0021950053969473065,0.001552279393010035,0.015678377773188763,neu
0.1137855579868709,0.009460327979451823,2.7299026638414023,0.19070221493944398,0.22452413877053393,0.29427258485988456,0.002002076887589958,0.080625,-23.940088135935277,2.612954523044686,0.10253202639793992,-0.2892921827099385,0.14160274514635202,0.4778193893386025,0.2734573505887615,0.03677685566878091,-0.15710671686006364,-0.37927266287913264,0.08750679101224283,-0.2681631506071939,0.2210529929327098,0.0014217711570204729,0.0006106838044686185,0.02849540961939936,0.0006613415968699151,0.0011676751540021623,0.0023460058438446816,0.02125209360099943,0.06488090374451133,0.04560143826272467,0.004741275965398937,0.004506397374398339,0.0007335378929399077,0.02043702136578008,neu
0.12222569552985307,0.013355014789626885,2.207192319181854,0.17629307458662394,0.22623134000170317,0.13861508650530252,0.00408662610160276,0.063125,-24.245304587513427,3.095488357048239,0.3222699927127153,-0.48120646497761416,-0.6190675245465478,0.22527952648278252,0.30459383776411875,0.017543712648293106,0.01250476403889351,-0.6217977982737642,-0.09208759968587402,-0.2047628643315535,0.21899254186013017,0.002455073891075332,0.004027917346088884,0.09730930342616931,0.0017413799519696912,0.00046853354852608375,0.001714678549626905,0.010696100187922011,0.032555625991554475,0.018693059020215955,0.003008076429087272,0.0009905868732302495,0.00026752329686292235,0.026630876366188935,neu
0.060331353547983746,0.012732853941487054,2.028455815990464,0.13748005929786505,0.18503337231036773,0.09795222408020775,0.0006117286804757153,0.063125,-24.348540007489706,2.869216179511411,0.1837614473443531,-0.45155514577438843,-0.6094135026941754,0.2762101386615522,0.3008094303837457,0.13451217765442197,0.07181940167858425,-0.6237119232897209,-0.028540288322446906,0.023786794172921812,0.3515030042401363,0.0008394220745114653,0.0039296419004479985,0.0942845171874085,0.0025111507686928387,0.000802642122022502,0.0017528745665715663,0.004740311603803383,0.035252872164281426,0.013903573408584342,0.002386986207384431,0.0009291368640316767,0.0003678633769259228,0.026143907133192295,neu
0.0856517661769303,0.0005937500447627231,3.147805354085833,0.19342596007020357,0.21566643965357063,0.7137569105931054,0.007932039719344362,0.113125,-26.060975656022276,2.180054402832735,-0.15741472407147483,0.19940069324363197,-0.24623977205315908,0.16673249615592156,0.3127279602839867,0.0847861565692977,-0.16725747552989007,-0.2763013406916155,-0.24175196966899878,-0.021452016362041724,0.022793550037407264,0.0063176725826576095,0.00904257412364454,0.015310457047321764,0.013133202190100347,0.00369816955938078,0.022489714359951007,0.1431114313842633,0.012572190260470635,0.00783535774187102,0.016599265683949056,0.011288934413228032,0.001395965003339358,0.03696642258329112,neu
0.08502657080337606,0.020092799676356698,2.377621409356482,0.1354167097122458,0.15203372278898863,0.2225936796987219,0.006433663733231007,0.06875,-22.829156547774488,2.339080150715442,-0.18344075584789019,-0.455331629281528,-0.8513139447075986,0.4172709957251229,0.657627145232028,0.22677744632101518,-0.39083767102945927,-0.3170972597128841,-0.029269472439004053,0.047217753325990354,0.05439320497214623,0.0016642706369083397,0.002293574375711285,0.016207925474082608,0.005257344289622845,0.0007443137757632798,0.0011257363154870428,0.0023544376201594486,0.018418174098393792,0.006408104023644588,0.001441700154607771,0.0021059006175072614,0.000828246543383051,0.005806721412286096,neu
0.06376992810253204,0.037484605423474676,3.254286236304067,0.15476286946794737,0.16062404425250576,0.22220836265532118,0.0024797332763130627,0.064375,-22.69963241591303,1.9023347994058302,0.09387645546702619,-0.8958535850295299,-0.787689725841338,0.15432136673117933,0.7184583131546486,0.4214612222377502,-0.2767631033329047,-0.025013469675446688,-0.08952992427722971,0.205033158167938,-0.1057017709895826,0.0006709472216062857,0.00023818958593039866,0.020501437754392785,0.0024273093472608155,0.00021536759487222236,0.00046258837263356473,0.0016354878066283053,0.013575205669442932,0.003067250317760477,0.001970886652395832,0.0005412999820127103,0.0002468015423462404,0.006155310506115167,neu
0.05564238824632698,0.024427247274787484,2.9984954994096276,0.15293583522256904,0.17690571426614732,0.20713198481939002,0.005530935755825727,0.063125,-23.241530779494635,2.661047273070751,0.6649480711742346,-1.3552126919205665,-0.24289040822971728,0.07103622825587719,0.44759814833327266,0.4814010713698126,-0.29164294904839316,-0.0073398679950240995,-0.2953428524407153,0.3141322946284316,-0.015747486960840544,0.0003338945500933135,0.0030102670009540767,0.003030056903099262,0.00561324535619416,0.0013412991474241874,0.001103696209874924,0.009437946998626857,0.021266828349850428,0.03726358458347549,0.003994115724332298,0.0011973215930325843,0.00031460409481878315,0.010631420657391788,neu
0.18224445139105971,0.007329817988733163,2.3498128799395084,0.23898273254581176,0.2619160237212137,0.3391076841908691,0.004372078105866016,0.06625,-24.57487148849739,2.7788917129810193,0.6528673821992331,-0.9934705151988821,-0.1955022621928548,-0.006255114498037005,0.4811737084805997,0.5025797660136948,-0.08437872291831149,-0.03223584071206217,-0.33395381573180405,0.2646496554719341,-0.03805032990395563,0.002079225482644842,0.002180662019466485,0.02704131780527954,0.017120482967889237,0.0014494673151733172,0.004224084335954965,0.017262155278939144,0.005525318183452794,0.07263568425239152,0.008171286472630792,0.0010343232927401043,0.0004238799135480927,0.01961115429370148,neu
0.43201000312597687,0.0019351849022752653,3.0504605058231693,0.46518106137536647,0.3023698324490939,1.7498284911865996,0.005410754758127511,0.726875,-26.531435502977384,2.1376259115632,0.301850171525919,0.19792448873439017,0.02781274162346377,0.15392852764702122,0.423937863067772,0.25088673171084674,0.05030285935626597,-0.10680370519501442,-0.10913963465115423,0.08421084576067193,-0.015823152531563224,0.041092287940332546,0.002003991735272951,0.010184864228954274,0.0036453900544766355,0.009190657082086126,0.0042457486876410055,0.030747127226976496,0.0023371135742600406,0.003982263793968307,0.08187894831220735,0.024933240328377636,0.0012540407523561866,0.02297888373964492,neu
0.34948421381681777,0.00205613712808237,3.1012494301442732,0.46828399541424426,0.30696251082451353,1.6122767742316084,0.0007090428530304666,0.726875,-26.852948276989192,2.1316145308347423,0.003390289319565813,0.3228847830583299,0.013442855372344683,0.22078025175848434,0.3543431472662046,-0.03882423196659696,0.015062269798682958,-0.1286791437203674,0.017783188464415196,0.07494713729940333,-0.079037351878261,0.005861081037229723,0.001954963609769798,0.0060170770576682304,0.003481819862319309,0.00511335487328025,0.004405250255065567,0.2119653434522055,0.0012404081469041858,0.003438842281941583,0.09626986113637832,0.03739452052706505,0.001761809514962524,0.06040145237654977,neu
0.10628321350422007,0.0008473676443240007,3.0823209261223385,0.3277893895910345,0.3046256257557465,0.87120064704034,0.0018600180817823495,0.530625,-27.05605314637947,2.205657331989186,-0.08835496363214196,0.3420871529824219,-0.026918963136585507,0.31546803557943515,0.3701971316651799,-0.02129613914888695,-0.07612693871456898,-0.25952856080015674,-0.17923489033297066,0.05960585334602751,-0.0019515999246166483,0.049989810957268795,0.003979042728060712,0.010862562691345298,0.007941406503252858,0.005586947544839245,0.022388127762449892,0.4695019216128167,0.0010772091721038364,0.002738400420700912,0.024398816666481467,0.007042723772729974,0.003474445967197886,0.12695837287061684,neu
0.0681462957174117,0.0004320676499823836,3.1378092680882306,0.16991244489848287,0.21410077531571906,0.4834269943725434,0.002474205564648423,0.068125,-27.248301679529703,2.2592682996100515,-0.1564251468028656,0.4114000772250489,-0.0384811101044848,0.2587317341563639,0.17105287271869213,0.05284287408685287,-0.11901663971476162,-0.05196754340812088,-0.2826770278354387,-0.027453077698888547,-0.12189592529123969,0.018129752913620206,0.0038700303278894365,0.031125090144654203,0.009309046293525691,0.015985343639471416,0.013619254298521498,0.12038940230160723,0.0022192481805019056,0.01697272424008103,0.18080841226941044,0.02149795776623737,0.006533439594525551,0.05295924857672872,neu
0.06752110034385746,0.0004280190635394225,3.1700963161231335,0.15748486183466548,0.19761003686952466,0.44188833064251126,0.002366539118578399,0.064375,-27.36949928244203,2.211482063613158,-0.16779976475536296,0.3719562354992877,-0.05083607391307562,0.23079407607318117,0.07876176072467964,0.07418825108068389,-0.04921279006822818,-0.03078699955207875,-0.27265891458776376,0.03334319237946647,-0.024626922769522535,0.01856608274143771,0.002902373270242874,0.03716376121116063,0.008791110954735077,0.05286327404780954,0.06694925445409652,0.14667763930285768,0.0008975474086158417,0.006928873258016953,0.13451914958178396,0.12432052953523572,0.005901836918242331,0.05290369274432625,neu
